export const M00: Record<number, string> = {
  "1": "4222230874714185212124412469390773265687949667577031913967616727958704619521",
  "2": "5629641166285580282832549959187697687583932890102709218623488970611606159361",
  "3": "6333346312071277818186618704086159898531924501365547870951425091938056929281",
  "4": "6755569399542696339399059951025237225100719468123251062348186764733927391233",
  "5": "7037051457856975353540687448984622109479916112628386523279361213264507699201",
  "6": "7238110070938603220784707090384182741179342287274911852515914390786350776321",
  "7": "7388904030749824121217721821433853214953911918259805849443329273927733084161"
};
export const MDS: Record<number, string[]> = {
  "1": [
    "4222230874714185212124412469390773265687949667577031913967616727958704619521",
    "5629641166285580282832549959187697687583932890102709218623488970611606159361",
    "5629641166285580282832549959187697687583932890102709218623488970611606159361",
    "6333346312071277818186618704086159898531924501365547870951425091938056929281"
  ],
  "2": [
    "5629641166285580282832549959187697687583932890102709218623488970611606159361",
    "6333346312071277818186618704086159898531924501365547870951425091938056929281",
    "6755569399542696339399059951025237225100719468123251062348186764733927391233",
    "6333346312071277818186618704086159898531924501365547870951425091938056929281",
    "6755569399542696339399059951025237225100719468123251062348186764733927391233",
    "7037051457856975353540687448984622109479916112628386523279361213264507699201",
    "6755569399542696339399059951025237225100719468123251062348186764733927391233",
    "7037051457856975353540687448984622109479916112628386523279361213264507699201",
    "7238110070938603220784707090384182741179342287274911852515914390786350776321"
  ],
  "3": [
    "6333346312071277818186618704086159898531924501365547870951425091938056929281",
    "6755569399542696339399059951025237225100719468123251062348186764733927391233",
    "7037051457856975353540687448984622109479916112628386523279361213264507699201",
    "7238110070938603220784707090384182741179342287274911852515914390786350776321",
    "6755569399542696339399059951025237225100719468123251062348186764733927391233",
    "7037051457856975353540687448984622109479916112628386523279361213264507699201",
    "7238110070938603220784707090384182741179342287274911852515914390786350776321",
    "7388904030749824121217721821433853214953911918259805849443329273927733084161",
    "7037051457856975353540687448984622109479916112628386523279361213264507699201",
    "7238110070938603220784707090384182741179342287274911852515914390786350776321",
    "7388904030749824121217721821433853214953911918259805849443329273927733084161",
    "4691367638571316902360458299323081406319944075085591015519574142176338466134",
    "7238110070938603220784707090384182741179342287274911852515914390786350776321",
    "7388904030749824121217721821433853214953911918259805849443329273927733084161",
    "4691367638571316902360458299323081406319944075085591015519574142176338466134",
    "7600015574485533381823942444903391878238309401638657445141710110325668315137"
  ],
  "4": [
    "6755569399542696339399059951025237225100719468123251062348186764733927391233",
    "7037051457856975353540687448984622109479916112628386523279361213264507699201",
    "7238110070938603220784707090384182741179342287274911852515914390786350776321",
    "7388904030749824121217721821433853214953911918259805849443329273927733084161",
    "4691367638571316902360458299323081406319944075085591015519574142176338466134",
    "7037051457856975353540687448984622109479916112628386523279361213264507699201",
    "7238110070938603220784707090384182741179342287274911852515914390786350776321",
    "7388904030749824121217721821433853214953911918259805849443329273927733084161",
    "4691367638571316902360458299323081406319944075085591015519574142176338466134",
    "7600015574485533381823942444903391878238309401638657445141710110325668315137",
    "7238110070938603220784707090384182741179342287274911852515914390786350776321",
    "7388904030749824121217721821433853214953911918259805849443329273927733084161",
    "4691367638571316902360458299323081406319944075085591015519574142176338466134",
    "7600015574485533381823942444903391878238309401638657445141710110325668315137",
    "2303035022571373752067861346940421781284336182314744680345972760704747974284",
    "7388904030749824121217721821433853214953911918259805849443329273927733084161",
    "4691367638571316902360458299323081406319944075085591015519574142176338466134",
    "7600015574485533381823942444903391878238309401638657445141710110325668315137",
    "2303035022571373752067861346940421781284336182314744680345972760704747974284",
    "7740756603642672888894756193883084320427907723891225175607297334590958469121",
    "4691367638571316902360458299323081406319944075085591015519574142176338466134",
    "7600015574485533381823942444903391878238309401638657445141710110325668315137",
    "2303035022571373752067861346940421781284336182314744680345972760704747974284",
    "7740756603642672888894756193883084320427907723891225175607297334590958469121",
    "7794887768703111160845069174259889105885445540142212764247907805462223912961"
  ],
  "5": [
    "7037051457856975353540687448984622109479916112628386523279361213264507699201",
    "7238110070938603220784707090384182741179342287274911852515914390786350776321",
    "7388904030749824121217721821433853214953911918259805849443329273927733084161",
    "4691367638571316902360458299323081406319944075085591015519574142176338466134",
    "7600015574485533381823942444903391878238309401638657445141710110325668315137",
    "2303035022571373752067861346940421781284336182314744680345972760704747974284",
    "7238110070938603220784707090384182741179342287274911852515914390786350776321",
    "7388904030749824121217721821433853214953911918259805849443329273927733084161",
    "4691367638571316902360458299323081406319944075085591015519574142176338466134",
    "7600015574485533381823942444903391878238309401638657445141710110325668315137",
    "2303035022571373752067861346940421781284336182314744680345972760704747974284",
    "7740756603642672888894756193883084320427907723891225175607297334590958469121",
    "7388904030749824121217721821433853214953911918259805849443329273927733084161",
    "4691367638571316902360458299323081406319944075085591015519574142176338466134",
    "7600015574485533381823942444903391878238309401638657445141710110325668315137",
    "2303035022571373752067861346940421781284336182314744680345972760704747974284",
    "7740756603642672888894756193883084320427907723891225175607297334590958469121",
    "7794887768703111160845069174259889105885445540142212764247907805462223912961",
    "4691367638571316902360458299323081406319944075085591015519574142176338466134",
    "7600015574485533381823942444903391878238309401638657445141710110325668315137",
    "2303035022571373752067861346940421781284336182314744680345972760704747974284",
    "7740756603642672888894756193883084320427907723891225175607297334590958469121",
    "7794887768703111160845069174259889105885445540142212764247907805462223912961",
    "7841285910183486822516766014582864636277620811214487840225573923351880007681",
    "7600015574485533381823942444903391878238309401638657445141710110325668315137",
    "2303035022571373752067861346940421781284336182314744680345972760704747974284",
    "7740756603642672888894756193883084320427907723891225175607297334590958469121",
    "7794887768703111160845069174259889105885445540142212764247907805462223912961",
    "7841285910183486822516766014582864636277620811214487840225573923351880007681",
    "7881497632799812395965569942862776762617506046143792906072884558856248623105",
    "2303035022571373752067861346940421781284336182314744680345972760704747974284",
    "7740756603642672888894756193883084320427907723891225175607297334590958469121",
    "7794887768703111160845069174259889105885445540142212764247907805462223912961",
    "7841285910183486822516766014582864636277620811214487840225573923351880007681",
    "7881497632799812395965569942862776762617506046143792906072884558856248623105",
    "7916682890089097272733273380107699873164905626706934838689281364922571161601"
  ],
  "6": [
    "7238110070938603220784707090384182741179342287274911852515914390786350776321",
    "7388904030749824121217721821433853214953911918259805849443329273927733084161",
    "4691367638571316902360458299323081406319944075085591015519574142176338466134",
    "7600015574485533381823942444903391878238309401638657445141710110325668315137",
    "2303035022571373752067861346940421781284336182314744680345972760704747974284",
    "7740756603642672888894756193883084320427907723891225175607297334590958469121",
    "7794887768703111160845069174259889105885445540142212764247907805462223912961",
    "7388904030749824121217721821433853214953911918259805849443329273927733084161",
    "4691367638571316902360458299323081406319944075085591015519574142176338466134",
    "7600015574485533381823942444903391878238309401638657445141710110325668315137",
    "2303035022571373752067861346940421781284336182314744680345972760704747974284",
    "7740756603642672888894756193883084320427907723891225175607297334590958469121",
    "7794887768703111160845069174259889105885445540142212764247907805462223912961",
    "7841285910183486822516766014582864636277620811214487840225573923351880007681",
    "4691367638571316902360458299323081406319944075085591015519574142176338466134",
    "7600015574485533381823942444903391878238309401638657445141710110325668315137",
    "2303035022571373752067861346940421781284336182314744680345972760704747974284",
    "7740756603642672888894756193883084320427907723891225175607297334590958469121",
    "7794887768703111160845069174259889105885445540142212764247907805462223912961",
    "7841285910183486822516766014582864636277620811214487840225573923351880007681",
    "7881497632799812395965569942862776762617506046143792906072884558856248623105",
    "7600015574485533381823942444903391878238309401638657445141710110325668315137",
    "2303035022571373752067861346940421781284336182314744680345972760704747974284",
    "7740756603642672888894756193883084320427907723891225175607297334590958469121",
    "7794887768703111160845069174259889105885445540142212764247907805462223912961",
    "7841285910183486822516766014582864636277620811214487840225573923351880007681",
    "7881497632799812395965569942862776762617506046143792906072884558856248623105",
    "7916682890089097272733273380107699873164905626706934838689281364922571161601",
    "2303035022571373752067861346940421781284336182314744680345972760704747974284",
    "7740756603642672888894756193883084320427907723891225175607297334590958469121",
    "7794887768703111160845069174259889105885445540142212764247907805462223912961",
    "7841285910183486822516766014582864636277620811214487840225573923351880007681",
    "7881497632799812395965569942862776762617506046143792906072884558856248623105",
    "7916682890089097272733273380107699873164905626706934838689281364922571161601",
    "5464063484924239686278651430976294814419699569805570712193386353828911860556",
    "7740756603642672888894756193883084320427907723891225175607297334590958469121",
    "7794887768703111160845069174259889105885445540142212764247907805462223912961",
    "7841285910183486822516766014582864636277620811214487840225573923351880007681",
    "7881497632799812395965569942862776762617506046143792906072884558856248623105",
    "7916682890089097272733273380107699873164905626706934838689281364922571161601",
    "5464063484924239686278651430976294814419699569805570712193386353828911860556",
    "2345683819285658451180229149661540703159972037542795507759787071088169233067",
    "7794887768703111160845069174259889105885445540142212764247907805462223912961",
    "7841285910183486822516766014582864636277620811214487840225573923351880007681",
    "7881497632799812395965569942862776762617506046143792906072884558856248623105",
    "7916682890089097272733273380107699873164905626706934838689281364922571161601",
    "5464063484924239686278651430976294814419699569805570712193386353828911860556",
    "2345683819285658451180229149661540703159972037542795507759787071088169233067",
    "5777789618029937658696564431797900258309825860894885777008317627732964216186"
  ],
  "7": [
    "7388904030749824121217721821433853214953911918259805849443329273927733084161",
    "4691367638571316902360458299323081406319944075085591015519574142176338466134",
    "7600015574485533381823942444903391878238309401638657445141710110325668315137",
    "2303035022571373752067861346940421781284336182314744680345972760704747974284",
    "7740756603642672888894756193883084320427907723891225175607297334590958469121",
    "7794887768703111160845069174259889105885445540142212764247907805462223912961",
    "7841285910183486822516766014582864636277620811214487840225573923351880007681",
    "7881497632799812395965569942862776762617506046143792906072884558856248623105",
    "4691367638571316902360458299323081406319944075085591015519574142176338466134",
    "7600015574485533381823942444903391878238309401638657445141710110325668315137",
    "2303035022571373752067861346940421781284336182314744680345972760704747974284",
    "7740756603642672888894756193883084320427907723891225175607297334590958469121",
    "7794887768703111160845069174259889105885445540142212764247907805462223912961",
    "7841285910183486822516766014582864636277620811214487840225573923351880007681",
    "7881497632799812395965569942862776762617506046143792906072884558856248623105",
    "7916682890089097272733273380107699873164905626706934838689281364922571161601",
    "7600015574485533381823942444903391878238309401638657445141710110325668315137",
    "2303035022571373752067861346940421781284336182314744680345972760704747974284",
    "7740756603642672888894756193883084320427907723891225175607297334590958469121",
    "7794887768703111160845069174259889105885445540142212764247907805462223912961",
    "7841285910183486822516766014582864636277620811214487840225573923351880007681",
    "7881497632799812395965569942862776762617506046143792906072884558856248623105",
    "7916682890089097272733273380107699873164905626706934838689281364922571161601",
    "5464063484924239686278651430976294814419699569805570712193386353828911860556",
    "2303035022571373752067861346940421781284336182314744680345972760704747974284",
    "7740756603642672888894756193883084320427907723891225175607297334590958469121",
    "7794887768703111160845069174259889105885445540142212764247907805462223912961",
    "7841285910183486822516766014582864636277620811214487840225573923351880007681",
    "7881497632799812395965569942862776762617506046143792906072884558856248623105",
    "7916682890089097272733273380107699873164905626706934838689281364922571161601",
    "5464063484924239686278651430976294814419699569805570712193386353828911860556",
    "2345683819285658451180229149661540703159972037542795507759787071088169233067",
    "7740756603642672888894756193883084320427907723891225175607297334590958469121",
    "7794887768703111160845069174259889105885445540142212764247907805462223912961",
    "7841285910183486822516766014582864636277620811214487840225573923351880007681",
    "7881497632799812395965569942862776762617506046143792906072884558856248623105",
    "7916682890089097272733273380107699873164905626706934838689281364922571161601",
    "5464063484924239686278651430976294814419699569805570712193386353828911860556",
    "2345683819285658451180229149661540703159972037542795507759787071088169233067",
    "5777789618029937658696564431797900258309825860894885777008317627732964216186",
    "7794887768703111160845069174259889105885445540142212764247907805462223912961",
    "7841285910183486822516766014582864636277620811214487840225573923351880007681",
    "7881497632799812395965569942862776762617506046143792906072884558856248623105",
    "7916682890089097272733273380107699873164905626706934838689281364922571161601",
    "5464063484924239686278651430976294814419699569805570712193386353828911860556",
    "2345683819285658451180229149661540703159972037542795507759787071088169233067",
    "5777789618029937658696564431797900258309825860894885777008317627732964216186",
    "8022238661956951903036383691842469204807104368396360636538471783121538777089",
    "7841285910183486822516766014582864636277620811214487840225573923351880007681",
    "7881497632799812395965569942862776762617506046143792906072884558856248623105",
    "7916682890089097272733273380107699873164905626706934838689281364922571161601",
    "5464063484924239686278651430976294814419699569805570712193386353828911860556",
    "2345683819285658451180229149661540703159972037542795507759787071088169233067",
    "5777789618029937658696564431797900258309825860894885777008317627732964216186",
    "8022238661956951903036383691842469204807104368396360636538471783121538777089",
    "8042344523265114689760785655982425267977046985861013169462127100873723084801",
    "7881497632799812395965569942862776762617506046143792906072884558856248623105",
    "7916682890089097272733273380107699873164905626706934838689281364922571161601",
    "5464063484924239686278651430976294814419699569805570712193386353828911860556",
    "2345683819285658451180229149661540703159972037542795507759787071088169233067",
    "5777789618029937658696564431797900258309825860894885777008317627732964216186",
    "8022238661956951903036383691842469204807104368396360636538471783121538777089",
    "8042344523265114689760785655982425267977046985861013169462127100873723084801",
    "1151517511285686876033930673470210890642168091157372340172986380352373987142"
  ]
};
export const MI: Record<number, string[]> = {
  "1": [
    "1",
    "0",
    "0",
    "1328466806588844283355748993677225123218781175064554027603160865731566895100"
  ],
  "2": [
    "1",
    "0",
    "0",
    "0",
    "1949629285152675843545617098663080067734218406516000484720630379218497119024",
    "6804287869450188502728877251894011667833647269738979685488937504164506768586",
    "0",
    "6804287869450188502728877251894011667833647269738979685488937504164506768586",
    "4924677972410444052137834859533533887056104638988047570112284264367323462906"
  ],
  "3": [
    "1",
    "0",
    "0",
    "0",
    "0",
    "1770913679784267919684061240570529409533240049541964433983305216194466042974",
    "1866549029176115214562563228199979689352528726144246309942171765298411233074",
    "4346743796263811048302866586944240315464137261819288172545289769065471383712",
    "0",
    "1866549029176115214562563228199979689352528726144246309942171765298411233074",
    "7558841494258648836283360155621755771887149020783008047232513736807775269194",
    "4535120056384022670391711913985727483353733305675961759491847308116962577919",
    "0",
    "4346743796263811048302866586944240315464137261819288172545289769065471383712",
    "4535120056384022670391711913985727483353733305675961759491847308116962577919",
    "6276627284159172130419509667948869114690338896084411919577382981726432363660"
  ],
  "4": [
    "1",
    "0",
    "0",
    "0",
    "0",
    "0",
    "2138384120729133216210238944536639351029529198063656086340090677519769031785",
    "430925869256598581059979619901622810893480096621472576118402321696822616657",
    "6905791023730966757334096695699090540988660683321146514989458500760491707946",
    "2148194301420875315630783057614992035703912353905886284294982957194336680745",
    "0",
    "430925869256598581059979619901622810893480096621472576118402321696822616657",
    "7096083034150645230759965969905978274946678846515557153417251931105695912391",
    "5932351284612910830979191152746502185334904741261705765154279133226164981698",
    "155498876447134131877729347742232404866785860221427568690704209608337650659",
    "0",
    "6905791023730966757334096695699090540988660683321146514989458500760491707946",
    "5932351284612910830979191152746502185334904741261705765154279133226164981698",
    "2350518484718685128114115771956300873208158044689806042328875264126064229958",
    "3801529679297239517487911434821356384842444302894233969474469799744519903456",
    "0",
    "2148194301420875315630783057614992035703912353905886284294982957194336680745",
    "155498876447134131877729347742232404866785860221427568690704209608337650659",
    "3801529679297239517487911434821356384842444302894233969474469799744519903456",
    "161064141789703918112375350481687221800645059701191629113807689376043815676"
  ],
  "5": [
    "1",
    "0",
    "0",
    "0",
    "0",
    "0",
    "0",
    "3466885886383614736932071158256868571025325905266057014725599828463273557140",
    "7631238485140139170519957292292796390470671952054900803134611909388031911017",
    "7871633013161771723971720588337110516688943421216367362350930829393725374005",
    "1073861992954466378139155040243430947959159969896043282552939666018391012017",
    "7183433298824164175395505075717883311708425536530432110390555349177505525596",
    "0",
    "7631238485140139170519957292292796390470671952054900803134611909388031911017",
    "41500372083843706934182411142065801633822663035944991289021626121183355283",
    "5125031358671829763143662154931208209925017208372180524423682982510617172395",
    "981480440519254016924108191447655466657783346930331844108329856514040945996",
    "2331757192524643452388648023333684073825792737387882230674275113643541352821",
    "0",
    "7871633013161771723971720588337110516688943421216367362350930829393725374005",
    "5125031358671829763143662154931208209925017208372180524423682982510617172395",
    "5712778409618812547852143178260582577133932863530824058318138545806090962486",
    "7550005823807598061571947111819109954946648930422615185305732016051037379606",
    "4799007357221912049451609521186356374716557970509367518632657620190429554132",
    "0",
    "1073861992954466378139155040243430947959159969896043282552939666018391012017",
    "981480440519254016924108191447655466657783346930331844108329856514040945996",
    "7550005823807598061571947111819109954946648930422615185305732016051037379606",
    "6158108558546920229448272459059447924688962268670692359811577868253380475777",
    "1969215327660361195767023373489611175139477730908610516274418325350559201003",
    "0",
    "7183433298824164175395505075717883311708425536530432110390555349177505525596",
    "2331757192524643452388648023333684073825792737387882230674275113643541352821",
    "4799007357221912049451609521186356374716557970509367518632657620190429554132",
    "1969215327660361195767023373489611175139477730908610516274418325350559201003",
    "6846721788455410245195334523636560162771380747503714722615054473011010713906"
  ],
  "6": [
    "1",
    "0",
    "0",
    "0",
    "0",
    "0",
    "0",
    "0",
    "2971532415911286051480807062801752246591259658502923419803409154127716874227",
    "186721909275808996213483557735547595196583288549267688741666424698377478502",
    "171569226090454573056015571244986560811254383892286118258836989224221642407",
    "3059343727662923148040974376454314232464250064500758647733074274651761726585",
    "4534790817941674769520151899347645131818454957902974337909760859064524815201",
    "752504296504922106039276029343024737384939687135507584023218842040330119392",
    "0",
    "186721909275808996213483557735547595196583288549267688741666424698377478502",
    "6878014754292273965662364339621838293207934661231232074331918091480453008340",
    "183363162394153695662618300137233056599401818684870300820436590183000839325",
    "323309267169864967183993273237976405791799941298379378023660391163003148074",
    "2984385967212965149577676299752889643335871322269624334601938328063273591337",
    "2387384200502060729167223926301911620388467206818002709702008525318991518803",
    "0",
    "171569226090454573056015571244986560811254383892286118258836989224221642407",
    "183363162394153695662618300137233056599401818684870300820436590183000839325",
    "2202640673133172626883180044813653960680889430908222833514846101262482081955",
    "4888295793251851281899864344306186279311431201119991135199837230820994784636",
    "2433731852407108819432196859978838899151281290436756458939839325499215812031",
    "731926506771160032112511263905821283491821021472892417724296623943939021102",
    "0",
    "3059343727662923148040974376454314232464250064500758647733074274651761726585",
    "323309267169864967183993273237976405791799941298379378023660391163003148074",
    "4888295793251851281899864344306186279311431201119991135199837230820994784636",
    "4879307465283136396656540908967210645566803069610027203615451315780292362539",
    "53588176193090599021120787870659787980315522270614534505384592464815769697",
    "408978125764434241332678747716884128531757404579793070344432643042299921165",
    "0",
    "4534790817941674769520151899347645131818454957902974337909760859064524815201",
    "2984385967212965149577676299752889643335871322269624334601938328063273591337",
    "2433731852407108819432196859978838899151281290436756458939839325499215812031",
    "53588176193090599021120787870659787980315522270614534505384592464815769697",
    "3547177385091292298144724315597646110249274215668284461731278710569085728882",
    "5351366443528656762905344630680491023130811138760868630072321645701479274440",
    "0",
    "752504296504922106039276029343024737384939687135507584023218842040330119392",
    "2387384200502060729167223926301911620388467206818002709702008525318991518803",
    "731926506771160032112511263905821283491821021472892417724296623943939021102",
    "408978125764434241332678747716884128531757404579793070344432643042299921165",
    "5351366443528656762905344630680491023130811138760868630072321645701479274440",
    "6443272067441507346009006217334521613736782334945581007272802366242342772219"
  ],
  "7": [
    "1",
    "0",
    "0",
    "0",
    "0",
    "0",
    "0",
    "0",
    "0",
    "5987802675949301722734385919344137409857194935044766256074095640396681039620",
    "3553705083859528362617438366698217359460023642562222809102497295709732843049",
    "1471498806406329435653147925889651042291246022460863395407601073234501312545",
    "7327333833707077501239003319093682957785371992237509876238455576393180821184",
    "4528896639439799324617953490368919146378250448146155586883292735308991953644",
    "237790219739220190185128338681864436314293209860904232407596054589852123998",
    "7980037802415770957241592981036111647175626945384370454240323936626768569375",
    "0",
    "3553705083859528362617438366698217359460023642562222809102497295709732843049",
    "3508443347698883923356335547785729687612222249185397723735886584774205036076",
    "4560714272573214180482754936523249208839114909110599725316757684969169339990",
    "6144159359716410116981577774822403752412981418640990629076790115919294821466",
    "951590151720823176384478317185369533014426946486914990566558990833034190696",
    "5247386132682151562738764958592545833305864671135408282506693808101502023013",
    "8337767701504474018913570462304750872904718586427535123402022807024886922784",
    "0",
    "1471498806406329435653147925889651042291246022460863395407601073234501312545",
    "4560714272573214180482754936523249208839114909110599725316757684969169339990",
    "1786015959091056798080035641825072671264475024520963143882954708758594992367",
    "1950891177939887640697138530443964835164958008167870202318068975784795408880",
    "6717212549584634724964634331096801776928043887780579188448771387758173398978",
    "635198105378237387307776049704032658349755686396875644857765922796927875915",
    "3095148013001311046817328885645685570642748290737833907229522220911216382997",
    "0",
    "7327333833707077501239003319093682957785371992237509876238455576393180821184",
    "6144159359716410116981577774822403752412981418640990629076790115919294821466",
    "1950891177939887640697138530443964835164958008167870202318068975784795408880",
    "8387532266654620581348630508238588355481223248899836244135652430363895602355",
    "2650694787661483373619145108833496474237329209702318227944058573141282685946",
    "5533919037673724620511302335117804120276201450591187300716841214469989374792",
    "5246922544191653694134152075354469250176891713518109233999908508463235368025",
    "0",
    "4528896639439799324617953490368919146378250448146155586883292735308991953644",
    "951590151720823176384478317185369533014426946486914990566558990833034190696",
    "6717212549584634724964634331096801776928043887780579188448771387758173398978",
    "2650694787661483373619145108833496474237329209702318227944058573141282685946",
    "4683860795254151995118777804192174160709422264912795099871743771790179518211",
    "7485050546895969666725737679261803808393726473422573724872927284363282181066",
    "7075563150891563543018066683010289076432378200940445857257754620150534944364",
    "0",
    "237790219739220190185128338681864436314293209860904232407596054589852123998",
    "5247386132682151562738764958592545833305864671135408282506693808101502023013",
    "635198105378237387307776049704032658349755686396875644857765922796927875915",
    "5533919037673724620511302335117804120276201450591187300716841214469989374792",
    "7485050546895969666725737679261803808393726473422573724872927284363282181066",
    "3417748148482912299230167032939376641166673547855060675897122853291289371726",
    "4963343343321585433868151343546992102250304092632696150330940061467712531806",
    "0",
    "7980037802415770957241592981036111647175626945384370454240323936626768569375",
    "8337767701504474018913570462304750872904718586427535123402022807024886922784",
    "3095148013001311046817328885645685570642748290737833907229522220911216382997",
    "5246922544191653694134152075354469250176891713518109233999908508463235368025",
    "7075563150891563543018066683010289076432378200940445857257754620150534944364",
    "4963343343321585433868151343546992102250304092632696150330940061467712531806",
    "8159993471843855332094099775842401052452467944366702145198144441356061228407"
  ]
};
export const ARC: Record<number, string[]> = {
  "1": [
    "5966135783811619788946141430599740285333890476176239487053701755282483259229",
    "8248386181461625724624937953920458307783934991095828229311948662109703846229",
    "7899697948171006775608679894258092311173776732034376699480766172940143332902",
    "6159903727631813124658505727742008686518139735306098276802832804806992180150",
    "6603147245625769955556264626336290925453294494417468042132447023388340299439",
    "5452037251482288884459408199998243903142580394917869276146144672081622843033",
    "2115708492564482930864434704366485100751738113026748722601682745504297806604",
    "6133269380405971624163032902959596862025161741886995971748777100528132299512",
    "1721373298675722117940847155120516423706154044622883045243024016434015697761",
    "3724565236254516963714184402682376811075312201052785286045653335186936485632",
    "2993926950520793195583012275961325592891236008388086182862520577566512461340",
    "0",
    "4844336353504503214469870071526764174731682540454932633018435766858296839637",
    "0",
    "2919936031876724957775716111440945766268285492401054580426406992584542459655",
    "0",
    "5663978257662262191024807546064736467552196158340325666330925183424594651456",
    "0",
    "7448085674097568817272567262403479077043705287324313131373550460383625800172",
    "0",
    "1844007775807385366821253113621394119303187242979498570585202448625529672973",
    "0",
    "2845375890334376795538685909086245364409288104637072625430989733829905037688",
    "0",
    "2964240408032926723856827507283082421025208343378464261229028275456762781251",
    "0",
    "230161891578056211559550657807190773174538079462586673639444384125685358297",
    "0",
    "2306877002508697181182344810930603763199115753709702823703230141504824250182",
    "0",
    "2123836318329453752354985637812824046744828725960282708932659514095027388057",
    "0",
    "7013570417631164963729263595330853907104728572996870230906776016200534001914",
    "0",
    "5000764729360823861687973987151560403669602887880054408060477297803844381647",
    "0",
    "3688012183046632864327681795121813640887482502925323142608857342284872442386",
    "0",
    "3146585007675813590062491760536779565347117627054638296154414219427913984786",
    "0",
    "7676678864432675901546415291553481115538823096046457940480569006553249093660",
    "0",
    "7596645725911019119226480160286640258958855561482821460006382366175556000662",
    "0",
    "2481820329715367246078919596300531087379530611060385987231004758392982276094",
    "0",
    "8195798223330388456752391304154387344999317395184697681713352179787447701761",
    "0",
    "2950101088303282476911765535847716840405588191771345438270963768698720082622",
    "0",
    "6089942152437650111763694671952061709483390843818617937525773543116658480118",
    "0",
    "968559139731456981305865940073176476284992478108629426225462874517877315869",
    "0",
    "4221404144830957915518954956743898127154116380416977979695345847323516205035",
    "0",
    "4704501190321898794037565838019368758488215190375880308834609880983882485439",
    "0",
    "1528540211343567129336669730723574951290951849444879952791957047609443553699",
    "0",
    "3615509814166558686447593855787063258143369710625250820322153815463017494590",
    "0",
    "198306532808076479412426644626589954978557884790678002247412851514091644371",
    "0",
    "5853689647732500931296921164824864754078960696720787779482381563682376644191",
    "0",
    "1960866047741380343536614319063463424777078726178059991360525871235725003606",
    "0",
    "3774777296033242440576566454498384754098369995505408300123039122605053797021",
    "0",
    "4040004656752387138938977569185095852881985565015580941465394860026553994036",
    "1901308305061675634226724460540357576851952962685703065906892481358446930441",
    "2686273196094412130593768635962284067098909691815336855637195251162980171156",
    "1123632222954904617550891255304448941562187156316217306121520482993732652419",
    "2124462098522865366594185315832211935844567922720223671250422450277331767386",
    "3968009204129455601037289639721574073403531972013488960906721718883864047886",
    "1041450153030980593059805000659658173285263988288148401600145800517153364524",
    "7964222143364674108039807011723483055868039993122214029137966682187499721189"
  ],
  "2": [
    "308026635595114235070436728341841505234226384644787941764356225291780075012",
    "686850750308311448868354907988153221833589417264043199872750834851275630399",
    "5458865526113744175375673481036999502881423789202235030915223710930508573500",
    "1216889461603982466063117074419064018993731784023337352219629352951004218382",
    "4580374146984258872617301222640071415348151863297599652351895199406510624060",
    "5287771711632967718595430906600106184880872479312192055075552617141548501299",
    "3037526442503690560777271665669625925917538366486234291090702161060916614832",
    "6275277408809697928512465960441767403986852341417079924634963619646806124417",
    "7335650489313165022076032570688161581492191665821494053773844209042883340886",
    "1627952039309156476645184308670263708019542166435650091304574646631569460339",
    "6094265973203525089006037274771888959193635664689776329087130682272196094008",
    "6490696528492405721785907440795129872072544933360586449368276289112880330670",
    "1838969713611020994526552299650788115168140980815959904769759411371437475085",
    "7365521796310231646272250819449174044164385234835107597226640093799385836527",
    "4266909582211852643916125441538650663312164835968891332255520046501981846583",
    "6473115796297849981243440128186045692570441129722141600589697972207019034114",
    "0",
    "0",
    "7535049679285085127254354405132636437113571883339127395673075797846089326269",
    "0",
    "0",
    "1711678548780795616003707362617306495272193644757088959526580968531505618462",
    "0",
    "0",
    "5456562011888877632000781871593158143381683884143302415131680655656746633862",
    "0",
    "0",
    "1100590275025714828384173494392576370133340358806090350940154175156665261451",
    "0",
    "0",
    "5415359566835722991278408989250791364289536917262588979392157746024114936740",
    "0",
    "0",
    "6237615318355732047045724026092897264784149787546511680012880892698097635043",
    "0",
    "0",
    "7287690110851159960161779644886278162787641825862017485041305657999469617051",
    "0",
    "0",
    "4184683370316308163183503102859402453057265574588852109291933738351920553090",
    "0",
    "0",
    "6846229483565935253840094651194242395445970758956587653239277837011265400368",
    "0",
    "0",
    "5247810841038336337815649410419075835732486594789369339851106589783727983017",
    "0",
    "0",
    "1350482418508995195523536351321792673818559940428835801272789219565273566318",
    "0",
    "0",
    "7523100264101708379290907181985497312839644397735317166176618496114665592432",
    "0",
    "0",
    "4448983106201719179525106942047446359242931369996206349886389108444114615153",
    "0",
    "0",
    "4707208831461551505399685025613601458693283200882068784619611629076148674952",
    "0",
    "0",
    "1893915076355037525100039598806518607249813449139768268666694056389174756514",
    "0",
    "0",
    "4935555126031336876623027767955881648701551423712744911952522336886878419229",
    "0",
    "0",
    "5371766517600436247601579461653779625636670466206845343067502388608973070364",
    "0",
    "0",
    "5481881441546333764028962914229780756452153918082739985375577555343757168054",
    "0",
    "0",
    "1954471113564334413243724765183768873213349030771353076726180682874219368325",
    "0",
    "0",
    "1012379812825152708976390969518781267334249550825589446443615461216275102060",
    "0",
    "0",
    "8105256884564391639037022747794417781493071376147456166596716470636290017433",
    "0",
    "0",
    "7594454719104380774454693884796607911348013298003803986262241781266517166736",
    "0",
    "0",
    "1207106880338603787516796756887740147688034490404772260606455454720580612736",
    "0",
    "0",
    "1711528816380925498316570113595822077203881763260257965403143824143404708178",
    "0",
    "0",
    "6803780526999152786445603481545973879655550041369278545895500277499070406237",
    "0",
    "0",
    "1069595050445295607875576111157043567415305784370362199387551310224007588083",
    "0",
    "0",
    "720965608687100347963027562526364503127212351083665218923713731199031929511",
    "0",
    "0",
    "2795527282488695374909894263098162202501248639881007215809149095324952992834",
    "0",
    "0",
    "5776996029529735561474215342129256570760328465625836455153507982986089417043",
    "0",
    "0",
    "4098945751589637585349322721645137714901277398725764380413825257514636605490",
    "896241425392348667316141178956455644228372721471824108535546494759067376393",
    "3992502368943038378368897680594056578803163431114935312687627167974272071263",
    "2916896099606045408059702536614926909593404178656347225235372099792450298246",
    "120269880148157352408037220674298509372962320809264336091966259007633284713",
    "7722392890376228197239026921734213343834699657441777356614625170525296088221",
    "2433763979138972299522164212362097495457810156842620348670661190742330717004",
    "983738301417603757808483219105286248075595155162538643758190406964355750696",
    "209202405659177692545688490614016438006505568346018036573546364833013030573",
    "4653243085200282579438307546529783706597045845312243944557671219043378566385",
    "5337014110345479543678006017350943272815297410632902615031016645483782346794",
    "6325608705322012724565293795590543306557376953836287094512934948871034460300"
  ],
  "3": [
